# Training Data Description

## Summary Statistics
| index | count | mean | std | min | 25% | 50% | 75% | max |
| --- | --- | --- | --- | --- | --- | --- | --- | --- |
| generation_biomass | 26259.0 | 399.15171941048783 | 89.8972300974915 | 0.0 | 341.0 | 378.0 | 480.0 | 592.0 |
| generation_fossil_brown_coal/lignite | 26260.0 | 480.2617288651942 | 365.3341520022425 | 0.0 | 0.0 | 564.0 | 863.0 | 999.0 |
| generation_fossil_gas | 26260.0 | 5559.830121858339 | 2272.017312452156 | 1518.0 | 4071.0 | 4866.0 | 6264.0 | 20034.0 |
| generation_fossil_hard_coal | 26260.0 | 4447.482216298553 | 2027.8842069082777 | 0.0 | 2624.0 | 4764.0 | 6107.0 | 8359.0 |
| generation_fossil_oil | 26259.0 | 303.8060093682166 | 54.03644284034107 | 0.0 | 268.0 | 303.0 | 336.0 | 449.0 |
| generation_hydro_pumped_storage_consumption | 26259.0 | 504.3228988156442 | 804.8703266442068 | 0.0 | 0.0 | 90.0 | 696.0 | 4523.0 |
| generation_hydro_run_of_river_and_poundage | 26259.0 | 888.1508435203168 | 369.50963740414466 | 0.0 | 595.0 | 795.0 | 1148.0 | 1939.0 |
| generation_hydro_water_reservoir | 26260.0 | 2507.7953160700686 | 1869.1501341601124 | 0.0 | 955.0 | 1991.0 | 3666.0 | 9389.0 |
| generation_nuclear | 26261.0 | 6323.6812002589395 | 827.9398566366312 | 0.0 | 5900.0 | 6734.0 | 7071.0 | 7116.0 |
| generation_other | 26260.0 | 62.5006854531607 | 21.451726890976484 | 0.0 | 53.0 | 58.0 | 84.0 | 106.0 |
| generation_other_renewable | 26260.0 | 81.5597486671744 | 13.34996951545174 | 0.0 | 71.0 | 81.0 | 92.0 | 115.0 |
| generation_solar | 26260.0 | 1453.886329017517 | 1687.3064067182372 | 0.0 | 78.0 | 630.0 | 2635.0 | 5792.0 |
| generation_waste | 26259.0 | 259.7115655584752 | 51.29171720955509 | 0.0 | 225.0 | 267.0 | 300.0 | 357.0 |
| generation_wind_onshore | 26260.0 | 5419.244059405941 | 3176.67944843255 | 0.0 | 2939.75 | 4811.0 | 7298.0 | 17436.0 |
| total_load_actual | 26243.0 | 28579.635064588652 | 4549.533014491814 | 18041.0 | 24702.5 | 28823.0 | 32013.0 | 41015.0 |
| valencia_temp | 26280.0 | 290.599624106973 | 7.2297591052208015 | 268.83065625 | 285.15 | 290.15 | 296.15 | 311.15 |
| valencia_temp_min | 26280.0 | 289.8749056899258 | 6.989442939330716 | 268.83065625 | 284.82 | 289.55 | 294.95 | 311.15 |
| valencia_temp_max | 26280.0 | 291.3449372728786 | 7.639473579869182 | 268.83065625 | 285.4475 | 291.15 | 297.15 | 314.82 |
| valencia_pressure | 26280.0 | 1016.2696727549468 | 12.999515294475728 | 972.0 | 1013.0 | 1017.0 | 1021.0 | 1087.0 |
| valencia_humidity | 26280.0 | 65.24471080669711 | 19.905776435303878 | 8.0 | 51.0 | 67.0 | 82.0 | 100.0 |
| valencia_wind_speed | 26280.0 | 2.587442922374429 | 2.696298876771145 | 0.0 | 1.0 | 2.0 | 4.0 | 133.0 |
| valencia_wind_deg | 26280.0 | 153.7285388127854 | 121.40154414694963 | 0.0 | 40.0 | 122.0 | 275.0 | 360.0 |
| valencia_rain_1h | 26280.0 | 0.04082724505327246 | 0.29688576107855025 | 0.0 | 0.0 | 0.0 | 0.0 | 12.0 |
| valencia_rain_3h | 26280.0 | 0.00029971461187214613 | 0.004058054806848756 | 0.0 | 0.0 | 0.0 | 0.0 | 0.1 |
| valencia_snow_3h | 26280.0 | 0.00020547945205479453 | 0.013759360631344947 | 0.0 | 0.0 | 0.0 | 0.0 | 1.125 |
| valencia_clouds_all | 26280.0 | 20.85601217656012 | 26.385460330292446 | 0.0 | 0.0 | 20.0 | 24.0 | 100.0 |
| valencia_weather_id | 26280.0 | 781.0099315068493 | 77.70351053586738 | 200.0 | 800.0 | 800.0 | 801.0 | 804.0 |
| madrid_temp | 26280.0 | 288.42776044996197 | 9.409805815566168 | 264.132 | 281.3784921875 | 287.11 | 295.15 | 313.33 |
| madrid_temp_min | 26280.0 | 287.2101322155632 | 9.287000095733626 | 264.132 | 280.15 | 286.15 | 293.969375 | 312.15 |
| madrid_temp_max | 26280.0 | 289.54898191114916 | 9.835711569801864 | 264.132 | 282.15 | 288.15 | 296.95 | 316.48 |
| madrid_pressure | 26280.0 | 1010.3162861491628 | 22.43682017487448 | 927.0 | 1012.0 | 1018.0 | 1022.0 | 1042.0 |
| madrid_humidity | 26280.0 | 57.413774733637744 | 24.812444304204863 | 0.0 | 36.0 | 58.0 | 80.0 | 100.0 |
| madrid_wind_speed | 26280.0 | 2.4273972602739726 | 1.9853862569955953 | 0.0 | 1.0 | 2.0 | 3.0 | 18.0 |
| madrid_wind_deg | 26280.0 | 176.4149923896499 | 120.71672228956655 | 0.0 | 52.0 | 190.0 | 270.0 | 360.0 |
| madrid_rain_1h | 26280.0 | 0.037819634703196346 | 0.18483354934391405 | 0.0 | 0.0 | 0.0 | 0.0 | 3.0 |
| madrid_rain_3h | 26280.0 | 0.0001762557077625571 | 0.002985514857993299 | 0.0 | 0.0 | 0.0 | 0.0 | 0.1 |
| madrid_snow_3h | 26280.0 | 3.9916286149162866e-05 | 0.006470871979144068 | 0.0 | 0.0 | 0.0 | 0.0 | 1.0490000000000002 |
| madrid_clouds_all | 26280.0 | 19.484132420091324 | 29.13431616969441 | 0.0 | 0.0 | 0.0 | 37.0 | 100.0 |
| madrid_weather_id | 26280.0 | 773.3014840182649 | 91.75961169393383 | 201.0 | 800.0 | 800.0 | 801.0 | 804.0 |
| bilbao_temp | 26280.0 | 286.4277001914479 | 6.879443874538274 | 266.85 | 281.37 | 286.15 | 291.0377500000001 | 312.47 |
| bilbao_temp_min | 26280.0 | 285.02228086115866 | 6.791018591420156 | 264.15 | 280.15 | 285.03575 | 289.9825390625 | 312.04 |
| bilbao_temp_max | 26280.0 | 287.9713067363489 | 7.202595430073548 | 268.978 | 283.15 | 287.59 | 292.15 | 318.71 |
| bilbao_pressure | 26280.0 | 1017.7254185692542 | 10.090530921482667 | 971.0 | 1013.0 | 1019.0 | 1024.0 | 1042.0 |
| bilbao_humidity | 26280.0 | 78.78291476407915 | 16.802971022449814 | 11.0 | 67.0 | 82.0 | 93.0 | 100.0 |
| bilbao_wind_speed | 26280.0 | 1.8510654490106544 | 1.8610864673763134 | 0.0 | 1.0 | 1.0 | 3.0 | 15.0 |
| bilbao_wind_deg | 26280.0 | 158.95863774733638 | 122.7054064323658 | 0.0 | 30.0 | 153.0 | 290.0 | 360.0 |
| bilbao_rain_1h | 26280.0 | 0.13648401826484016 | 0.41181415074739736 | 0.0 | 0.0 | 0.0 | 0.0 | 3.0 |
| bilbao_rain_3h | 26280.0 | 0.001406183409436834 | 0.01720365955977944 | 0.0 | 0.0 | 0.0 | 0.0 | 2.315 |
| bilbao_snow_3h | 26280.0 | 0.03208660578386606 | 0.5790337950478348 | 0.0 | 0.0 | 0.0 | 0.0 | 21.5 |
| bilbao_clouds_all | 26280.0 | 43.50407153729071 | 34.07930414792644 | 0.0 | 2.75 | 40.0 | 75.0 | 100.0 |
| bilbao_weather_id | 26280.0 | 724.1321917808219 | 133.06426630562817 | 200.0 | 701.0 | 800.0 | 802.0 | 804.0 |
| barcelona_temp | 26280.0 | 289.8591654050133 | 6.5707804687791365 | 262.24 | 285.049 | 289.38 | 294.9125 | 307.65 |
| barcelona_temp_min | 26280.0 | 288.45066540501335 | 6.175015840895396 | 262.24 | 284.15 | 288.15 | 293.15 | 305.15 |
| barcelona_temp_max | 26280.0 | 291.16177727715944 | 7.325903774545011 | 262.24 | 285.22901562500005 | 290.15 | 297.04 | 315.37 |
| barcelona_pressure | 26280.0 | 1378.0717656012177 | 15550.099391903828 | 0.0 | 1014.0 | 1018.0 | 1022.0 | 1008371.0 |
| barcelona_humidity | 26280.0 | 74.06430745814308 | 17.78914186416732 | 0.0 | 63.0 | 76.0 | 87.0 | 100.0 |
| barcelona_wind_speed | 26280.0 | 2.869710806697108 | 2.017333180126215 | 0.0 | 1.0 | 3.0 | 4.0 | 15.0 |
| barcelona_wind_deg | 26280.0 | 190.55768645357688 | 107.20606547757961 | 0.0 | 100.0 | 210.0 | 280.0 | 360.0 |
| barcelona_rain_1h | 26280.0 | 0.12894977168949773 | 0.7610488589057308 | 0.0 | 0.0 | 0.0 | 0.0 | 12.0 |
| barcelona_rain_3h | 26280.0 | 0.00043936453576864535 | 0.004611473981119245 | 0.0 | 0.0 | 0.0 | 0.0 | 0.1 |
| barcelona_snow_3h | 26280.0 | 0.0 | 0.0 | 0.0 | 0.0 | 0.0 | 0.0 | 0.0 |
| barcelona_clouds_all | 26280.0 | 22.801978691019787 | 26.633960297560122 | 0.0 | 0.0 | 20.0 | 36.0 | 100.0 |
| barcelona_weather_id | 26280.0 | 766.3517123287671 | 99.27319616494923 | 200.0 | 800.0 | 800.0 | 801.0 | 804.0 |
| seville_temp | 26280.0 | 293.9861654692256 | 8.00091991217343 | 272.063 | 288.1795 | 293.33 | 299.71599218750004 | 315.15 |
| seville_temp_min | 26280.0 | 291.63976554532917 | 8.306748032615026 | 269.15 | 285.979921875 | 291.15 | 297.15 | 315.15 |
| seville_temp_max | 26280.0 | 297.4879771130612 | 9.048864252984078 | 272.063 | 291.15 | 297.15 | 304.15 | 321.15 |
| seville_pressure | 26280.0 | 1019.2245433789955 | 6.846953933659989 | 993.0 | 1014.0 | 1018.0 | 1024.0 | 1090.0 |
| seville_humidity | 26280.0 | 62.658980213089805 | 23.314060310165562 | 7.0 | 44.0 | 66.0 | 82.0 | 100.0 |
| seville_wind_speed | 26280.0 | 2.424353120243531 | 1.8394977078420243 | 0.0 | 1.0 | 2.0 | 3.0 | 15.0 |
| seville_wind_deg | 26280.0 | 149.5386605783866 | 104.26880813317571 | 0.0 | 50.0 | 168.0 | 230.0 | 360.0 |
| seville_rain_1h | 26280.0 | 0.03949771689497717 | 0.20487990186230595 | 0.0 | 0.0 | 0.0 | 0.0 | 3.0 |
| seville_rain_3h | 26280.0 | 0.00024261796042617962 | 0.0039609814850502 | 0.0 | 0.0 | 0.0 | 0.0 | 0.095 |
| seville_snow_3h | 26280.0 | 0.0 | 0.0 | 0.0 | 0.0 | 0.0 | 0.0 | 0.0 |
| seville_clouds_all | 26280.0 | 13.740601217656012 | 25.801707262573977 | 0.0 | 0.0 | 0.0 | 20.0 | 100.0 |
| seville_weather_id | 26280.0 | 774.1389269406393 | 85.86672376022419 | 200.0 | 800.0 | 800.0 | 800.0 | 804.0 |
| price_actual | 26280.0 | 56.02833828006088 | 14.340356142642714 | 9.33 | 47.6175 | 55.93 | 65.1925 | 116.8 |```


## Data Columns
| Column Name | Data Type |
| --- | --- |
| time | object |
| generation_biomass | float64 |
| generation_fossil_brown_coal/lignite | float64 |
| generation_fossil_gas | float64 |
| generation_fossil_hard_coal | float64 |
| generation_fossil_oil | float64 |
| generation_hydro_pumped_storage_consumption | float64 |
| generation_hydro_run_of_river_and_poundage | float64 |
| generation_hydro_water_reservoir | float64 |
| generation_nuclear | float64 |
| generation_other | float64 |
| generation_other_renewable | float64 |
| generation_solar | float64 |
| generation_waste | float64 |
| generation_wind_onshore | float64 |
| total_load_actual | float64 |
| valencia_temp | float64 |
| valencia_temp_min | float64 |
| valencia_temp_max | float64 |
| valencia_pressure | int64 |
| valencia_humidity | int64 |
| valencia_wind_speed | int64 |
| valencia_wind_deg | int64 |
| valencia_rain_1h | float64 |
| valencia_rain_3h | float64 |
| valencia_snow_3h | float64 |
| valencia_clouds_all | int64 |
| valencia_weather_id | int64 |
| valencia_weather_main | object |
| valencia_weather_description | object |
| valencia_weather_icon | object |
| madrid_temp | float64 |
| madrid_temp_min | float64 |
| madrid_temp_max | float64 |
| madrid_pressure | int64 |
| madrid_humidity | int64 |
| madrid_wind_speed | int64 |
| madrid_wind_deg | int64 |
| madrid_rain_1h | float64 |
| madrid_rain_3h | float64 |
| madrid_snow_3h | float64 |
| madrid_clouds_all | int64 |
| madrid_weather_id | int64 |
| madrid_weather_main | object |
| madrid_weather_description | object |
| madrid_weather_icon | object |
| bilbao_temp | float64 |
| bilbao_temp_min | float64 |
| bilbao_temp_max | float64 |
| bilbao_pressure | int64 |
| bilbao_humidity | int64 |
| bilbao_wind_speed | int64 |
| bilbao_wind_deg | int64 |
| bilbao_rain_1h | float64 |
| bilbao_rain_3h | float64 |
| bilbao_snow_3h | float64 |
| bilbao_clouds_all | int64 |
| bilbao_weather_id | int64 |
| bilbao_weather_main | object |
| bilbao_weather_description | object |
| bilbao_weather_icon | object |
| barcelona_temp | float64 |
| barcelona_temp_min | float64 |
| barcelona_temp_max | float64 |
| barcelona_pressure | int64 |
| barcelona_humidity | int64 |
| barcelona_wind_speed | int64 |
| barcelona_wind_deg | int64 |
| barcelona_rain_1h | float64 |
| barcelona_rain_3h | float64 |
| barcelona_snow_3h | float64 |
| barcelona_clouds_all | int64 |
| barcelona_weather_id | int64 |
| barcelona_weather_main | object |
| barcelona_weather_description | object |
| barcelona_weather_icon | object |
| seville_temp | float64 |
| seville_temp_min | float64 |
| seville_temp_max | float64 |
| seville_pressure | int64 |
| seville_humidity | int64 |
| seville_wind_speed | int64 |
| seville_wind_deg | int64 |
| seville_rain_1h | float64 |
| seville_rain_3h | float64 |
| seville_snow_3h | float64 |
| seville_clouds_all | int64 |
| seville_weather_id | int64 |
| seville_weather_main | object |
| seville_weather_description | object |
| seville_weather_icon | object |
| price_actual | float64 |

## Data Shape
Rows: 26280, Columns: 92


## Missing Values
| index | Missing Values |
| --- | --- |
| time | 0 |
| generation_biomass | 21 |
| generation_fossil_brown_coal/lignite | 20 |
| generation_fossil_gas | 20 |
| generation_fossil_hard_coal | 20 |
| generation_fossil_oil | 21 |
| generation_hydro_pumped_storage_consumption | 21 |
| generation_hydro_run_of_river_and_poundage | 21 |
| generation_hydro_water_reservoir | 20 |
| generation_nuclear | 19 |
| generation_other | 20 |
| generation_other_renewable | 20 |
| generation_solar | 20 |
| generation_waste | 21 |
| generation_wind_onshore | 20 |
| total_load_actual | 37 |
| valencia_temp | 0 |
| valencia_temp_min | 0 |
| valencia_temp_max | 0 |
| valencia_pressure | 0 |
| valencia_humidity | 0 |
| valencia_wind_speed | 0 |
| valencia_wind_deg | 0 |
| valencia_rain_1h | 0 |
| valencia_rain_3h | 0 |
| valencia_snow_3h | 0 |
| valencia_clouds_all | 0 |
| valencia_weather_id | 0 |
| valencia_weather_main | 0 |
| valencia_weather_description | 0 |
| valencia_weather_icon | 0 |
| madrid_temp | 0 |
| madrid_temp_min | 0 |
| madrid_temp_max | 0 |
| madrid_pressure | 0 |
| madrid_humidity | 0 |
| madrid_wind_speed | 0 |
| madrid_wind_deg | 0 |
| madrid_rain_1h | 0 |
| madrid_rain_3h | 0 |
| madrid_snow_3h | 0 |
| madrid_clouds_all | 0 |
| madrid_weather_id | 0 |
| madrid_weather_main | 0 |
| madrid_weather_description | 0 |
| madrid_weather_icon | 0 |
| bilbao_temp | 0 |
| bilbao_temp_min | 0 |
| bilbao_temp_max | 0 |
| bilbao_pressure | 0 |
| bilbao_humidity | 0 |
| bilbao_wind_speed | 0 |
| bilbao_wind_deg | 0 |
| bilbao_rain_1h | 0 |
| bilbao_rain_3h | 0 |
| bilbao_snow_3h | 0 |
| bilbao_clouds_all | 0 |
| bilbao_weather_id | 0 |
| bilbao_weather_main | 0 |
| bilbao_weather_description | 0 |
| bilbao_weather_icon | 0 |
| barcelona_temp | 0 |
| barcelona_temp_min | 0 |
| barcelona_temp_max | 0 |
| barcelona_pressure | 0 |
| barcelona_humidity | 0 |
| barcelona_wind_speed | 0 |
| barcelona_wind_deg | 0 |
| barcelona_rain_1h | 0 |
| barcelona_rain_3h | 0 |
| barcelona_snow_3h | 0 |
| barcelona_clouds_all | 0 |
| barcelona_weather_id | 0 |
| barcelona_weather_main | 0 |
| barcelona_weather_description | 0 |
| barcelona_weather_icon | 0 |
| seville_temp | 0 |
| seville_temp_min | 0 |
| seville_temp_max | 0 |
| seville_pressure | 0 |
| seville_humidity | 0 |
| seville_wind_speed | 0 |
| seville_wind_deg | 0 |
| seville_rain_1h | 0 |
| seville_rain_3h | 0 |
| seville_snow_3h | 0 |
| seville_clouds_all | 0 |
| seville_weather_id | 0 |
| seville_weather_main | 0 |
| seville_weather_description | 0 |
| seville_weather_icon | 0 |
| price_actual | 0 |

## Correlation Matrix
| index | generation_biomass | generation_fossil_brown_coal/lignite | generation_fossil_gas | generation_fossil_hard_coal | generation_fossil_oil | generation_hydro_pumped_storage_consumption | generation_hydro_run_of_river_and_poundage | generation_hydro_water_reservoir | generation_nuclear | generation_other | generation_other_renewable | generation_solar | generation_waste | generation_wind_onshore | total_load_actual | valencia_temp | valencia_temp_min | valencia_temp_max | valencia_pressure | valencia_humidity | valencia_wind_speed | valencia_wind_deg | valencia_rain_1h | valencia_rain_3h | valencia_snow_3h | valencia_clouds_all | valencia_weather_id | madrid_temp | madrid_temp_min | madrid_temp_max | madrid_pressure | madrid_humidity | madrid_wind_speed | madrid_wind_deg | madrid_rain_1h | madrid_rain_3h | madrid_snow_3h | madrid_clouds_all | madrid_weather_id | bilbao_temp | bilbao_temp_min | bilbao_temp_max | bilbao_pressure | bilbao_humidity | bilbao_wind_speed | bilbao_wind_deg | bilbao_rain_1h | bilbao_rain_3h | bilbao_snow_3h | bilbao_clouds_all | bilbao_weather_id | barcelona_temp | barcelona_temp_min | barcelona_temp_max | barcelona_pressure | barcelona_humidity | barcelona_wind_speed | barcelona_wind_deg | barcelona_rain_1h | barcelona_rain_3h | barcelona_snow_3h | barcelona_clouds_all | barcelona_weather_id | seville_temp | seville_temp_min | seville_temp_max | seville_pressure | seville_humidity | seville_wind_speed | seville_wind_deg | seville_rain_1h | seville_rain_3h | seville_snow_3h | seville_clouds_all | seville_weather_id | price_actual |
| --- | --- | --- | --- | --- | --- | --- | --- | --- | --- | --- | --- | --- | --- | --- | --- | --- | --- | --- | --- | --- | --- | --- | --- | --- | --- | --- | --- | --- | --- | --- | --- | --- | --- | --- | --- | --- | --- | --- | --- | --- | --- | --- | --- | --- | --- | --- | --- | --- | --- | --- | --- | --- | --- | --- | --- | --- | --- | --- | --- | --- | --- | --- | --- | --- | --- | --- | --- | --- | --- | --- | --- | --- | --- | --- | --- | --- |
| generation_biomass | 1.0 | 0.1611447221811414 | -0.03995626661434082 | 0.4054587198345179 | 0.47379345748246976 | -0.03017605041841408 | -0.1589055082699299 | 0.03431069862249031 | -0.12669014324425698 | 0.6681262412386044 | -0.5544658107278716 | -0.0283920367614474 | -0.3161785009144002 | -0.024767942624681568 | 0.09735493699770117 | -0.018551769058552495 | -0.0389808419992606 | -0.0012794209825685448 | -0.05041878574701711 | 0.021848747679934194 | -0.011023375850604419 | 0.003313753761797442 | 0.05150882847340027 | 0.016468440360795176 | 0.016420246098538933 | 0.031131659625791622 | -0.04163375531481252 | -0.00541474156904356 | -0.020983897069326837 | -0.008987096276988467 | -0.14988432661114043 | 0.015750950992065766 | -0.020798352566998687 | 0.019670230913875982 | -0.00557607645558509 | 0.030524678952636834 | -0.00550229638611642 | -0.005186771004790159 | 0.02045623364924161 | 0.00022802996639842502 | 0.034148815391035245 | -0.03944807162773377 | 0.13707791866462907 | 0.025903846789204345 | -0.05136068673804644 | 0.053086762770699035 | 0.12359243264976205 | 0.04507882239428852 | 0.03507170535237868 | -0.015902817283949957 | -0.07346769279076722 | 0.014366050256242621 | -0.0027788272555176498 | 0.01622712529153093 | 0.022469335074119478 | -0.03388455498618359 | 0.0967485440898337 | 0.11501921694913983 | -0.005179257548792568 | 0.04875956185523406 | nan | 0.03838032171518149 | 0.047713959273925854 | 0.012208436802146514 | 0.033799095109806956 | -0.015382294682432624 | 0.07383926756826281 | -0.009797056180725745 | 0.025183650423544635 | 0.010850639038660312 | 0.016798583140050227 | 0.05491744581238723 | nan | 0.020585175739695104 | -0.004765198448658647 | 0.2054004155329178 |
| generation_fossil_brown_coal/lignite | 0.1611447221811414 | 1.0 | 0.5355312110793481 | 0.7847147863710472 | 0.2988976377048326 | -0.33873790036523016 | -0.5125982892149182 | -0.2199089096132595 | -0.12536029012369435 | 0.04007676437904717 | 0.23497910017924886 | 0.03605664186396401 | 0.39520916745361856 | -0.4427699433914297 | 0.30254078059019096 | 0.06264913352230471 | 0.08769289961859383 | 0.03767581161111953 | 0.03243614661334407 | 0.10456069353469918 | -0.07264003380878935 | -0.06628735537506558 | -0.018563026147371004 | 0.00018499185680072904 | -0.019639921217096935 | 0.03070144359175385 | -0.008146312229823907 | 0.048204800578085676 | 0.03770362807024439 | 0.046446845986713794 | 0.02093118057212745 | -0.010369937955484613 | -0.1062501008789016 | -0.01623320861901363 | -0.018066360478109875 | -0.01419258726487975 | -0.008112540631774084 | -0.034911474608172406 | -0.001425003489908316 | 0.0701917335485211 | 0.06841465187104949 | 0.07659484726172824 | 0.03939067931219809 | -0.020511819974904803 | -0.039423011259806545 | -0.06032607686261095 | -0.11370410614550365 | -0.0070956855164235055 | -0.05368024670422116 | -0.0714447999622463 | 0.07172058127319758 | 0.05803937997110038 | 0.06380917207889424 | 0.05097175366022249 | -0.004232275206154504 | 0.03944653749503253 | -0.08972962742622352 | -0.0441173740788164 | -0.057808406507719984 | -0.039103669842008484 | nan | 0.028636657662902947 | 0.04599607617933761 | 0.023254980569672623 | 0.019900062475908403 | 0.020443587854852365 | 0.03808342179073298 | -0.023830602612223546 | -0.05001229242661177 | -0.11231900359247686 | -0.03304484753439126 | -0.010501414377574729 | nan | -0.06254771252169683 | 0.023761880407313436 | 0.37549049329595413 |
| generation_fossil_gas | -0.03995626661434082 | 0.5355312110793481 | 1.0 | 0.5362296513514444 | 0.3039584684267096 | -0.4103664365099786 | -0.35261114804244714 | 0.015561282785869893 | -0.14860714023443622 | -0.11304416018827819 | 0.3936186955741411 | 0.07542545105510128 | 0.32841912745847984 | -0.39870901701015565 | 0.5395814896829859 | 0.14729482513794007 | 0.17909914017163533 | 0.11312098702489719 | 0.013255968854101558 | -0.02541124882847284 | -0.023509359852683813 | -0.09406561647311248 | -0.021471110256677285 | -0.007233331841190373 | -0.005037859887507572 | 0.019088105040194606 | 0.000125374813897044 | 0.12658413261615417 | 0.10592918745795687 | 0.13413226598975173 | 0.07637938471880822 | -0.091577599735827 | -0.05156372271531214 | -0.04194801812822969 | 0.00356368071706598 | -0.015112770172934822 | -0.001137615366044484 | -0.01909315191352713 | -0.014274059048736612 | 0.11437461715646406 | 0.1095460805303787 | 0.12091081584248807 | -0.010653015892238256 | -0.055545685216332776 | 0.006844905600902844 | -0.05570051299811581 | -0.08292907300214088 | -0.02222529430152472 | -0.01837945941585049 | -0.0336968198014097 | 0.06115967704668683 | 0.12189017336673019 | 0.14707646787018258 | 0.09650313471447751 | -0.003994059255658192 | -0.04621746184575472 | -0.07114425728790748 | -0.11017192274285954 | -0.033224724061103224 | -0.013811398428076023 | nan | 0.008184107635628463 | 0.022238019826902766 | 0.09356720458829168 | 0.10594520649102604 | 0.06000780207890908 | -0.06720414745719737 | -0.1250124052121698 | -0.016108988140078932 | -0.046517799093972974 | -0.01452318115816685 | -0.01732858631239591 | nan | -0.051135595374758196 | 0.019373795438713502 | 0.3694221689353886 |
| generation_fossil_hard_coal | 0.4054587198345179 | 0.7847147863710472 | 0.5362296513514444 | 1.0 | 0.4315320156875769 | -0.4109621170705293 | -0.4740774890439433 | -0.14834759889184482 | -0.12213983177808013 | 0.23901180575999909 | 0.0703661416920581 | 0.03938533684151467 | 0.25914259866145367 | -0.4555185126851998 | 0.4009592954070054 | 0.06385241111060455 | 0.0777986895184489 | 0.04862114589512278 | 0.04141418679135389 | 0.08142963843911989 | -0.06351011711971281 | -0.07199686820029019 | 0.005855723071740791 | 0.011236035102753443 | -0.006571440328331861 | 0.04977372518092184 | -0.02843466629506553 | 0.07206739354629162 | 0.05344943724400062 | 0.07268461177738131 | -0.015071774300736952 | -0.023001643720500523 | -0.0930561309100553 | -0.016714555636671177 | -0.008550369414871922 | -0.006544115628740646 | -0.004700119898425688 | -0.028972111601735084 | 0.000774292477433285 | 0.0971273389418299 | 0.10480747353467583 | 0.08896722828055004 | 0.07541507508678545 | -0.05307415923307211 | -0.048425602489396494 | -0.053826347493900875 | -0.06955616183683562 | 0.0026976867030897526 | -0.025063482420339234 | -0.0824217193692162 | 0.053692750706620634 | 0.07927250059008857 | 0.06872337447226302 | 0.08103700946830752 | 0.0011955213344164632 | -0.007220951054776879 | -0.029160720849554334 | -0.022301739153681697 | -0.032288138988610424 | 0.00599188866702252 | nan | 0.013102942679939805 | 0.05235251575170105 | 0.053826010241111874 | 0.058515600084767846 | 0.036935418836034024 | 0.061777401368164654 | -0.05618713491223845 | -0.014668743191523 | -0.10132846376378878 | -0.015415825539318532 | 0.020435776584522978 | nan | -0.05050531935853826 | 0.021102264296271857 | 0.46885990048200615 |
| generation_fossil_oil | 0.47379345748246976 | 0.2988976377048326 | 0.3039584684267096 | 0.4315320156875769 | 1.0 | -0.34476458066641363 | -0.0412028371965436 | 0.17554902474520273 | -0.06942437154481831 | 0.37108949867241814 | -0.09138084851212572 | 0.09656454151912439 | -0.15684466293974078 | -0.07221424229299549 | 0.49375715737835574 | 0.11184983581979731 | 0.1166522361258437 | 0.10415093370723748 | -0.023722697934512454 | -0.07343975979426999 | 0.007657637991182765 | -0.07134299382341296 | 0.013354757442272531 | 0.027202955768848697 | 0.00262777402262132 | -0.00034572731244362836 | 0.0031065836257082244 | 0.11304279068529266 | 0.09600124495272204 | 0.11082022999225109 | -0.034360505276987044 | -0.09070164407996022 | 0.025094731048117908 | 0.0018828551168790814 | -0.012102866490204155 | 0.018404765351126316 | 0.0003647743845829605 | -0.031012544475142966 | 0.013407781613434387 | 0.10081793236015235 | 0.11708657178182363 | 0.08117574434221711 | 0.1066435409730371 | -0.07351966079599404 | 0.008074050345979434 | 0.029588120867474532 | 0.0757116794893217 | 0.010814363313163045 | -0.009815376390384312 | -0.012064176950046234 | -0.03020526735154168 | 0.09126403104757601 | 0.09321253341735808 | 0.08086536587424369 | 0.021488415200023054 | -0.06261657781843127 | 0.06369592359682988 | 0.019444666545015418 | 0.0006640396644542213 | 0.00484357897917526 | nan | -0.007934293151495018 | 0.01850829243875295 | 0.10832372982603024 | 0.13172742576761712 | 0.059446835515866006 | 0.022929832674042208 | -0.12111989119354107 | 0.03688583080714836 | -0.0033355300271388135 | -0.0013171239713274513 | 0.03660282815524457 | nan | -0.021093652390586776 | 0.008024786704864863 | 0.24841866691977388 |
| generation_hydro_pumped_storage_consumption | -0.03017605041841408 | -0.33873790036523016 | -0.4103664365099786 | -0.4109621170705293 | -0.34476458066641363 | 1.0 | 0.07242100525734141 | -0.2360714687490119 | 0.014095794096956429 | 0.053800153160943165 | -0.2658472925315488 | -0.22681451936045327 | -0.21345082158516332 | 0.3831266295368747 | -0.5818443961581897 | -0.24914207548067466 | -0.2651502200520448 | -0.22969982038310371 | 0.005956120871542121 | 0.1056247569520513 | 0.015759446731731776 | 0.13055874026425154 | -0.01612786915959551 | -0.001144060435567448 | -0.009357152170621988 | -0.045061768433035276 | 0.020637636077288135 | -0.24759314584760583 | -0.23178062021846552 | -0.2528801649657672 | -0.017212449756575435 | 0.19770821874673317 | -0.029681257532893923 | 0.04044111316613491 | -0.015114209585772479 | -0.002203659378511448 | -0.003866875761921568 | 0.04354183998498719 | 0.006840489816804422 | -0.23947528833853288 | -0.2361384846980076 | -0.23606671791305348 | 0.03760011958527524 | 0.13872715295335528 | -0.012918504175569724 | 0.018030261995114174 | -0.011709539623310606 | 0.01300753107011024 | -0.014451535403197753 | 0.026005692072804603 | -0.00787255556679507 | -0.22300677576226355 | -0.23098732551874815 | -0.20779959275552018 | -0.0005340702389941473 | 0.06373935428707335 | 0.0037365369993316963 | 0.11831492180995191 | -0.007347106523230937 | 0.006044321076410227 | nan | 0.011065669133745357 | 0.007579420976178219 | -0.24336707753291048 | -0.24215497089993024 | -0.20775677457431835 | 0.07866305993993976 | 0.2160855381038091 | -0.06372982786912057 | -0.012518002509483756 | 0.0016416653137003147 | -0.012567007798381342 | nan | 0.040446305449552716 | -0.024452353937657087 | -0.30204343963161956 |
| generation_hydro_run_of_river_and_poundage | -0.1589055082699299 | -0.5125982892149182 | -0.35261114804244714 | -0.4740774890439433 | -0.0412028371965436 | 0.07242100525734141 | 1.0 | 0.680311097016182 | 0.13269677507227637 | -0.010618217954461948 | -0.20999537212947278 | 0.053468030306857636 | -0.5034716370620931 | 0.2468105789642869 | 0.12443503668782063 | -0.10697859917491612 | -0.12737876719964597 | -0.0857913588579921 | -0.03867192014073854 | -0.15823314539755343 | 0.12215363925627208 | 0.041495616667541854 | 0.04706308297721331 | 0.003207976941528144 | 0.02785776189287 | 0.008858791351391495 | -0.03799132830539146 | -0.08884123182533955 | -0.08320087569524687 | -0.08003360801610246 | -0.0884686970793728 | 0.06075407493093669 | 0.1331219758868062 | 0.05639145733245088 | 0.051982540513221404 | 0.03218791890087075 | 0.010870062069023101 | 0.10903983739467607 | -0.034753074449309466 | -0.10585190530736745 | -0.09481452388067903 | -0.11806386789288081 | -0.013365588240844776 | -0.025207638968483225 | 0.05511257820498707 | 0.0797762489750212 | 0.1336085717567916 | -0.0017549580420686466 | 0.07789216267504195 | 0.11068583197098822 | -0.10296720572208888 | -0.12243318783426518 | -0.11441339612438144 | -0.12198725433218274 | 0.02863214399301248 | -0.10450016352075342 | 0.12867949991408106 | 0.004538266164414785 | 0.058317420418932904 | 0.054718261075630874 | nan | 0.02719086236412713 | -0.07125481842848569 | -0.06296635921574732 | -0.07347801511206394 | -0.03324394400445753 | 0.015307474073026175 | 0.04233923569081963 | 0.088683137349429 | 0.10406487563737844 | 0.04648785358453619 | 0.029252201119834318 | nan | 0.0852574381490665 | -0.052251147697047265 | -0.2606619365889681 |
| generation_hydro_water_reservoir | 0.03431069862249031 | -0.2199089096132595 | 0.015561282785869893 | -0.14834759889184482 | 0.17554902474520273 | -0.2360714687490119 | 0.680311097016182 | 1.0 | 0.04786821455713932 | 0.14240681859243848 | -0.18595169008186196 | 0.07865525935234373 | -0.39843277230269336 | -0.015433395972734687 | 0.47291735158065934 | -0.027569676999193903 | -0.04955243093024253 | -0.007528339672854022 | -0.04100649744248259 | -0.1452534522641402 | 0.08735993378492148 | -0.007664967621653631 | 0.04784459334046753 | -0.001702317846953286 | 0.030298373364954577 | 0.06084367239171427 | -0.05123971309572303 | -0.024856272765442458 | -0.03536500624600808 | -0.0037092559480337048 | -0.07304873649443101 | 0.039695611638866785 | 0.08563286411155137 | 0.03098934409118603 | 0.05334087959510872 | 0.023855248284824923 | 0.015617263043705336 | 0.11788575088484941 | -0.04707730418463749 | -0.032482479077718965 | -0.02989571076521041 | -0.03889200227339654 | -0.04344166540647272 | -0.07879420412625256 | 0.054576928247131215 | 0.03928817557851357 | 0.11329978775297793 | -0.004757357446559004 | 0.05375155023609887 | 0.07515292381280719 | -0.07725465216020835 | -0.05469115424161525 | -0.05352334225310837 | -0.05190006968312538 | 0.03661816872034356 | -0.07633974254711828 | 0.1392451172199799 | -0.004736445770593238 | 0.03743676727414433 | 0.04350332800540577 | nan | 0.06214243433340475 | -0.056633675452713396 | 0.03186634839250868 | 0.0029578530849940416 | 0.07481996847903644 | 0.006726122240518793 | -0.004382854114359906 | 0.08369950172257405 | 0.06796386184708834 | 0.03678929549295634 | 0.043941978874774586 | nan | 0.08802498722587951 | -0.04668834484324478 | -0.02455901561905761 |
| generation_nuclear | -0.12669014324425698 | -0.12536029012369435 | -0.14860714023443622 | -0.12213983177808013 | -0.06942437154481831 | 0.014095794096956429 | 0.13269677507227637 | 0.04786821455713932 | 1.0 | -0.013611558901655114 | 0.0099615849742116 | 0.003415939657772614 | 0.06957584728000706 | 0.04558672044085576 | 0.07486701615119729 | -0.056161441888004676 | -0.0689479871125798 | -0.04193762268610319 | 0.07478312009599086 | 0.029299487666191896 | 0.06916431495250407 | 0.029162369069630052 | 0.03670017673171548 | 0.003124616803127676 | 0.014038028486561273 | 0.04027529661514088 | -0.021458512449280306 | -0.050199319811743644 | -0.052469988791282625 | -0.04765130522424039 | 0.01799883637299465 | 0.051401756078985984 | 0.03703693855611357 | 0.01979949050059109 | 0.03808691520606069 | 0.010866658904496607 | -0.0019280885946736021 | 0.054581963153846405 | -0.031508026617078716 | -0.02655561848348407 | -0.02879805794017062 | -0.02612867041513843 | -0.09832731282343002 | 0.005649751773076156 | 0.02449825595696418 | 0.022310837616341343 | 0.03605288110777134 | -0.04372856424511476 | 0.0037909477255381806 | 0.07176380550372585 | -0.021921597684789303 | -0.04207548486074624 | -0.05585721784136634 | -0.02912436303940391 | 0.021939354956720086 | -0.005086542959948478 | 0.02741424744547712 | -0.012341752322725023 | 0.045212099550736615 | 0.04002267399156386 | nan | 0.042170530242428846 | -0.06369210216396601 | -0.053904688660932384 | -0.05732876588679198 | -0.03916584820404886 | 0.0739199664239418 | 0.07083857974031979 | 0.021066814718726155 | 0.04551467156176965 | 0.010688472692438455 | 0.027500757453262463 | nan | 0.049015508786596516 | -0.015232141850892826 | -0.06305283578918063 |
| generation_other | 0.6681262412386044 | 0.04007676437904717 | -0.11304416018827819 | 0.23901180575999909 | 0.37108949867241814 | 0.053800153160943165 | -0.010618217954461948 | 0.14240681859243848 | -0.013611558901655114 | 1.0 | -0.47844850411651035 | -0.04177359472994152 | -0.34882700423343577 | 0.08068511487374425 | 0.09914927700262295 | -0.081657086325007 | -0.10038924236605724 | -0.06328076501627942 | -0.027939323885669724 | 0.026468378264509613 | -0.019734510570103645 | 0.015575595993948884 | 0.028696581059842262 | 0.029932746018535177 | 0.01417678866457723 | 0.03734420136197884 | -0.04780303933971321 | -0.07464890264580858 | -0.08253440347840164 | -0.07611978466907923 | -0.11783641295498443 | 0.08708919213709199 | -0.019804645291727537 | 0.011891242127664474 | 0.002636157929526266 | 0.026771258584550043 | -0.001582427165409111 | 0.04989983319810826 | -0.016316065176745338 | -0.06470688295467691 | -0.04024732913962499 | -0.08861246346943041 | 0.08635133646018925 | 0.011821967041591955 | -0.04272657652860904 | 0.031109549643081293 | 0.07932607398371579 | 0.023261630170707173 | 0.02935940628417071 | -0.023883489643515127 | -0.062081149549273094 | -0.05414820641025384 | -0.06290361114383318 | -0.04932525767717634 | 0.025229163914561863 | -0.002014737455279632 | 0.10006320985271126 | 0.11889331676621968 | 0.024285499178117793 | 0.03139054578703757 | nan | 0.02700317898306368 | 0.002228055663007309 | -0.033772153242940514 | -0.028428238861389545 | -0.031946438817319046 | 0.1114803558321976 | 0.04149189476944479 | 0.018974221694783813 | -0.010851120416207134 | 0.023190622948974192 | 0.05869196951525127 | nan | 0.0602853708557622 | -0.035810744757465936 | 0.12817388891337422 |
| generation_other_renewable | -0.5544658107278716 | 0.23497910017924886 | 0.3936186955741411 | 0.0703661416920581 | -0.09138084851212572 | -0.2658472925315488 | -0.20999537212947278 | -0.18595169008186196 | 0.0099615849742116 | -0.47844850411651035 | 1.0 | 0.02199574782458667 | 0.6228076385894724 | -0.17381932022521407 | 0.1818401712990848 | 0.04748132244631744 | 0.09788473145220865 | -1.0925331871463497e-05 | 0.07726655767989649 | -0.014446768666403244 | 0.0035849275437805496 | -0.04844677415100402 | -0.06684838195398997 | -0.044841593183045966 | -0.013029859002616353 | -0.02102045036830879 | 0.058069271101964186 | 0.019637913261349723 | 0.022629407877804337 | 0.01911960446027684 | 0.20819400052618114 | -0.050439197092769845 | -0.004924352455066998 | -0.019108359536732043 | -0.016131773577012464 | -0.03196550782353595 | 0.004363876593171753 | -0.02426401627267945 | -0.008776386156008315 | 0.0049447510524941955 | -0.02849812074934689 | 0.05103426294424335 | -0.02367385922545654 | -0.02742113762582344 | 0.072263023803 | -0.052333223032076055 | -0.09737192241872596 | -0.053149462392703045 | -0.04907559651246758 | -0.01849935008833944 | 0.08685806902318201 | -0.013983234870084715 | 0.02983850746940867 | -0.03868123294556979 | -0.01618100396444479 | -0.027791846211502443 | -0.1619492392890318 | -0.14088716705937887 | -0.029716081245584072 | -0.06328533011333734 | nan | -0.028618916975616946 | -0.01886831536079591 | -0.02367905045840478 | -0.027263710180332152 | -0.02075934776768636 | -0.07172216355198907 | -0.0435465871582146 | -0.012854964736354937 | -0.05254201946172264 | -0.02931477442371948 | -0.05213390986797074 | nan | -0.051980237029431026 | 0.02138306385164396 | 0.10436230133767084 |
| generation_solar | -0.0283920367614474 | 0.03605664186396401 | 0.07542545105510128 | 0.03938533684151467 | 0.09656454151912439 | -0.22681451936045327 | 0.053468030306857636 | 0.07865525935234373 | 0.003415939657772614 | -0.04177359472994152 | 0.02199574782458667 | 1.0 | 0.03170299944903362 | -0.15742836131459825 | 0.3894763628729624 | 0.47370284159584997 | 0.4826398799014345 | 0.4481089351646016 | -0.010058979925606702 | -0.48921156569695307 | 0.14764542317116147 | -0.08768818000936612 | -0.03322656611293624 | -0.0046298596037148 | 0.011501245333402469 | -0.007223701389705198 | 0.05386011492228194 | 0.3873505420838383 | 0.36609764052962707 | 0.40211732816424334 | 0.010120745629332717 | -0.37103787556553475 | 0.0813607608623124 | -0.0825449488318511 | -0.039852384669173305 | 0.00043256979353885415 | 0.011539586118086347 | -0.0921668430088643 | 0.06353734811839318 | 0.4172407196278066 | 0.4099870939631875 | 0.4071486164013129 | -0.00032619735023251906 | -0.3810065699440237 | 0.16175975731582157 | 0.06850273546812403 | -0.03659799193628885 | 0.0052636567843054585 | 0.007738708974062233 | -0.030168663675117235 | 0.03868795573152841 | 0.3940324229168082 | 0.40199726480193715 | 0.37371079234184784 | -0.0041777276636470635 | -0.36266909983612083 | 0.19035654469546223 | -0.11394101472186528 | 0.01957024005680297 | 0.006412082147149298 | nan | -0.03750141373204884 | 0.027911426023351244 | 0.435286927112262 | 0.4238916197052066 | 0.3825768551432702 | -0.023938920847588044 | -0.44219772788648704 | 0.1036877900229144 | -0.022672618252785152 | -0.051955420027004706 | -0.009792421281693501 | nan | -0.06345054183963228 | 0.08822396215899023 | 0.09702021427092057 |
| generation_waste | -0.3161785009144002 | 0.39520916745361856 | 0.32841912745847984 | 0.25914259866145367 | -0.15684466293974078 | -0.21345082158516332 | -0.5034716370620931 | -0.39843277230269336 | 0.06957584728000706 | -0.34882700423343577 | 0.6228076385894724 | 0.03170299944903362 | 1.0 | -0.26511602625078906 | 0.06630940306685165 | 0.16634318676175497 | 0.19648046669049277 | 0.1345504814189864 | 0.11783772612728981 | 0.06615423312894589 | -0.06358177379860167 | -0.05982193379517713 | -0.10803131056760118 | -0.01812413654642552 | -0.010487079445542306 | -0.02326483751729871 | 0.09429841769583407 | 0.1469338889018159 | 0.14383911472519684 | 0.14529037599577724 | 0.1769229660830426 | -0.10911557161235741 | -0.07892210120494739 | -0.037426492070434234 | -0.06719173473690934 | -0.03226231657765917 | -0.001529428751110938 | -0.08748039983860412 | 0.03926358621247072 | 0.1507843870461653 | 0.12492706925396821 | 0.18076236818267577 | -0.10003015572620136 | -0.009390595436471302 | 0.011324580649720332 | -0.09901391116466472 | -0.18674905532142846 | -0.026374112113051938 | -0.06846718422644457 | -0.0672985720967652 | 0.14917471857392015 | 0.15074883050988094 | 0.1640703146888461 | 0.13890546040020862 | -0.024017340260965934 | 0.01900137179927007 | -0.1577898406868149 | -0.09161677632006388 | -0.06439873811274074 | -0.09503103773228741 | nan | -0.0601919155156707 | 0.05637363824592417 | 0.09906633928909768 | 0.08603762094093942 | 0.09468985468686862 | -0.07305657859228355 | -0.05812476977331187 | -0.052221914732167855 | -0.05128737882696382 | -0.07698609077509279 | -0.06135139851987833 | nan | -0.10759302611512846 | 0.07363048170663775 | 0.10254963006119125 |
